133,5
133,4
133,3
133,2
133,1
133,0
132,5
132,4
132,3
132,2
132,1
132,0
129,6
129,5
129,4
129,3
129,2
129,1
129,0
89,6
89,5
89,4
89,3
89,2
89,1
89,0
78,4
78,3
78,2
78,1
78,0
34,3
34,2
34,1
33,5
33,3
33,1
32,4
32,3
32,1
31,4
31,3
31,1
29,3
29,2
29,1
20,3
20,2
20,1
19,3
19,2
19,1
17,3
17,2
17,1
12,3
12,2
12,1
11,3
11,2
11,1
10,3
18,1
10,2
18,3
10,1
9,3
9,2
14,1
9,1
14,3
8,3
13,1
8,2
13,3
8,1
3,3
3,2
3,1
2,2
2,3
2,1
0,408
0,273
0,270
0,0
164,34
164,33
164,32
164,31
164,30
164,29
164,28
164,27
164,26
164,25
164,24
164,23
164,22
164,21
164,20
164,19
164,18
164,17
164,16
